0 2 202 0 8 0 124 0 0 675 2 2 0 2 103 5 0 0 184 0 0 132 0 1 201 0 131 37 6 0 0 0 81 0 37 89 10 18 0 33 0 388 20 22 41 2 8 0 0 19 29 0 6 39 2 1142 0 0 2 24 1 19 0 24 9 0 0 0 0 607 1 390 247 96 53 39 100 0 119 0 198 8 1 38 0 17 0 37 170 0 62 12 10 0 14 19 0 44 0 6
58 0 0 0 1 1 0 0 1 0 0 0 0 0 0 0 0 0 0 3 0 0 0 0 0 0 0 0 133 0 0 0 412 12 67 0 4 0 0 17 0 275 57 116 0 0 0 0 0 32 0 0 56 6 0 0 0 0 0 0 42 12 0 0 36 0 0 0 0 0 1 274 0 0 0 0 48 0 0 0 0 0 0 56 1 90 3 0 0 0 0 10 0 0 0 0 3 0 0 0
3 0 0 0 5 0 0 0 1 0 0 0 0 0 0 0 0 0 0 0 4 0 0 0 1 1 0 2 0 6 0 0 3 0 0 0 9 0 0 6 0 35 0 1 0 0 0 3 0 0 0 1 4 6 0 3 0 0 0 6 0 0 0 0 3 25 0 0 0 0 0 38 1 0 0 0 0 0 0 2 0 1 0 6 0 0 0 0 0 0 3 0 0 0 0 0 0 6 0 0
2 0 13 0 2 3 149 0 0 0 0 0 0 0 0 0 0 30 0 13 0 6 35 0 7 8 10 10 0 0 0 0 0 21 0 34 0 1 87 25 0 85 1 0 13 0 0 0 0 25 4 0 5 0 0 116 0 0 0 0 0 17 0 0 45 0 33 0 16 37 0 85 0 0 0 10 12 0 6 0 6 0 1 0 34 1 6 10 37 8 0 0 0 0 11 0 0 0 0 1
6 0 0 0 0 1 0 0 0 0 0 0 0 0 0 3 0 0 0 3 0 0 0 4 0 0 0 2 0 0 0 0 0 19 0 0 3 6 0 12 0 177 0 0 0 0 0 0 0 6 0 0 0 15 11 0 0 0 0 3 0 40 0 0 6 7 0 0 0 0 8 176 0 0 0 0 0 0 0 1 0 9 5 0 1 0 0 2 0 0 0 6 0 0 0 0 0 20 0 0
0 0 0 0 0 0 0 0 0 0 0 0 0 0 0 0 0 1 0 0 0 0 0 0 0 0 0 0 0 0 0 0 0 0 2 0 0 0 0 0 0 0 0 0 0 0 0 0 0 0 0 0 0 0 0 0 0 0 0 0 0 0 0 0 0 1 1 0 0 0 1 0 0 0 0 0 0 0 0 6 0 0 0 1 0 0 0 0 0 0 0 0 0 0 0 0 0 0 0 0
437 0 1407 0 14 6 0 0 9 514 0 27 0 0 283 95 20 3 48 129 4 151 0 88 233 87 297 311 1 128 0 0 3 19 134 555 155 16 49 335 0 2198 0 0 746 0 0 3 0 229 106 307 89 6 10 4774 0 0 0 6 53 39 3 172 942 13 1 0 116 726 0 2207 13 0 186 300 0 0 154 0 162 135 0 134 0 24 0 339 772 0 3 31 34 0 113 17 89 41 0 0
39 1877 0 0 0 0 0 0 1 0 0 0 0 0 0 0 0 0 0 3 0 0 0 0 0 0 0 0 132 0 0 0 404 0 66 0 0 0 0 9 0 219 0 108 0 0 0 0 0 21 0 0 54 0 0 0 0 0 0 0 39 9 0 0 24 0 0 0 0 0 0 218 0 0 0 0 40 0 0 0 0 0 0 51 0 87 0 0 0 0 0 6 0 0 0 0 3 0 0 0
4 0 36 0 0 0 21 0 0 28 3 10 0 9 12 0 0 0 0 6 0 6 0 0 12 0 12 12 0 0 0 7 7 0 9 0 0 0 0 10 0 76 0 0 16 1 2 0 0 11 5 0 2 0 3 202 0 0 1 27 0 13 1 0 15 2 0 0 3 0 6 79 2 0 16 12 203 0 6 1 6 111 0 6 0 0 4 12 40 0 7 3 0 0 3 7 3 0 0 11
13 0 33 0 1 0 34 0 0 0 22 0 0 61 6 2 0 0 0 21 1 1 0 1 2 0 4 1 0 107 0 21 0 0 1 0 1 0 1 4 0 36 3 0 0 7 0 2 0 0 0 0 2 0 0 1703 0 0 7 5 0 26 0 46 4 0 0 0 0 9 1 36 0 0 0 3 54 0 2 0 2 226 0 1 0 0 0 0 1 0 12 6 14 0 0 4 4 0 0 1
0 0 0 0 0 0 0 0 0 0 0 0 0 450 18 0 0 0 0 0 0 0 0 0 0 0 0 0 0 0 0 3 0 0 12 0 0 0 0 18 0 77 0 0 0 0 0 0 3 35 30 0 0 0 0 228 0 0 0 210 0 0 0 0 0 0 0 0 30 0 0 77 0 0 0 0 0 0 0 0 0 450 0 12 0 0 0 0 18 0 0 0 0 0 18 0 0 0 0 0
34 0 29 0 0 0 378 0 0 76 0 0 0 0 14 0 6 0 0 0 0 11 0 12 19 0 26 18 0 28 0 0 0 0 4 102 18 3 0 10 0 200 0 0 37 0 0 0 0 10 0 1 6 0 0 615 0 0 0 0 0 0 0 36 25 0 0 0 3 167 0 200 12 0 16 22 0 0 12 0 12 28 0 12 0 0 0 25 6 0 0 6 7 0 6 9 0 0 0 0
438 0 0 0 0 2 0 0 0 615 0 0 0 36 0 0 0 0 84 15 0 123 0 0 174 0 99 0 0 0 0 52 0 0 33 0 0 0 0 0 2 255 0 0 6 0 1 0 104 0 27 0 15 0 1 765 0 0 0 0 0 1 0 0 147 99 0 0 0 294 0 255 237 0 6 0 210 0 117 0 195 36 0 51 0 0 0 0 105 0 0 0 501 0 0 0 15 0 52 0
0 0 0 0 0 0 0 0 0 24 0 0 0 0 10 0 0 0 0 0 0 6 0 0 6 0 6 0 0 0 0 0 0 0 6 0 0 0 0 3 0 43 0 0 0 0 0 0 0 10 21 0 0 0 0 129 0 0 0 0 0 0 0 11 0 0 0 0 12 0 0 43 81 0 0 0 118 0 6 3 6 0 0 6 0 0 0 0 6 0 1 0 0 0 12 0 0 0 0 0
51 0 63 0 0 0 759 0 0 35 0 0 54 3 0 0 0 0 9 13 0 45 0 6 30 0 74 45 0 0 0 0 0 0 15 196 0 0 0 64 0 216 0 0 92 0 0 0 0 95 0 0 0 0 0 860 0 0 0 3 3 0 0 0 161 9 0 0 1 173 0 216 9 0 0 42 9 0 27 0 27 5 0 0 0 0 0 52 148 0 0 0 45 0 3 21 58 0 0 0
3 0 38 0 0 0 79 0 0 36 0 9 0 0 0 0 0 0 0 4 0 0 0 0 0 0 0 3 0 0 0 3 0 10 1 0 0 0 0 19 30 47 12 0 0 3 0 0 0 10 0 0 7 0 20 134 0 0 4 0 0 20 0 26 18 3 16 1 0 0 0 47 0 0 0 3 0 0 0 2 0 7 0 6 0 19 13 6 0 16 0 12 0 0 13 20 0 0 3 0
0 0 5 0 0 0 124 0 0 0 0 0 0 0 0 0 0 0 0 0 0 0 0 0 2 84 0 28 0 0 0 0 0 0 0 0 0 0 0 3 0 91 0 0 0 0 0 0 0 3 46 0 23 0 0 336 0 0 0 0 0 0 0 0 0 0 0 0 42 0 0 93 0 0 0 28 0 0 0 0 0 0 0 0 0 0 0 31 0 137 0 0 0 0 37 0 0 0 0 0
4 0 9 0 53 66 3 0 0 0 0 0 0 0 0 3 0 0 0 0 0 0 129 0 15 152 13 18 0 0 0 0 0 0 0 0 0 0 26 15 0 223 3 0 0 4 4 0 0 7 19 0 62 20 66 28 0 0 4 0 0 65 0 0 6 6 30 0 0 0 81 223 29 0 0 18 29 0 0 0 0 12 0 8 1 0 174 19 0 36 3 1 0 0 5 0 0 0 0 87
209 0 10 0 0 0 5 0 0 196 0 0 0 0 6 0 0 0 0 0 0 39 0 0 62 0 38 0 0 0 0 0 2 0 6 6 4 0 0 30 0 132 0 1 23 0 0 0 0 6 42 0 0 0 0 351 0 0 0 0 0 0 0 69 0 0 0 0 12 209 0 131 105 0 18 0 109 0 29 0 65 0 0 6 0 2 0 0 32 0 0 0 0 0 9 0 0 0 0 0
1 2 137 0 11 0 206 0 3 4 460 0 0 401 27 0 160 0 0 0 0 0 0 4 3 50 30 55 0 1 0 291 19 0 12 1 0 126 19 36 0 221 43 12 141 0 0 0 1 29 32 1 17 0 2 357 0 0 0 243 7 64 0 1 2 13 0 0 60 0 1 221 16 0 3 55 15 0 0 0 0 402 1 9 3 0 0 55 70 116 11 0 0 0 44 54 0 0 1 0
192 0 0 0 0 0 0 0 0 100 0 0 0 0 0 0 0 0 0 0 0 24 0 0 48 0 48 48 0 0 0 0 0 0 0 0 0 0 0 0 0 119 0 0 64 0 0 413 0 0 0 0 0 0 0 386 0 0 0 0 0 0 0 0 192 4 0 0 0 0 0 120 193 193 64 48 0 0 24 0 24 6 0 0 0 0 0 48 148 0 0 0 0 0 0 0 0 0 0 0
3 0 3 0 0 0 0 0 0 249 0 0 0 0 0 0 0 0 0 0 0 0 0 6 0 0 0 0 0 10 0 0 0 0 0 70 6 0 0 0 0 6 0 0 0 0 0 0 0 0 0 0 0 0 9 397 0 0 0 0 0 0 0 0 0 0 0 0 0 0 0 6 0 0 0 0 0 0 0 0 0 36 0 0 0 0 0 0 107 0 0 0 0 0 0 0 0 0 0 0
0 0 0 0 0 79 0 0 0 0 0 0 0 0 0 0 0 30 0 0 0 0 0 0 14 83 15 14 0 0 0 0 0 0 0 0 0 0 0 0 0 85 0 0 0 0 0 0 0 0 0 0 44 0 0 0 0 0 0 0 0 0 0 0 0 12 30 0 0 0 0 85 0 0 0 14 0 0 0 0 0 0 0 0 0 0 0 14 0 0 0 0 0 0 0 0 0 0 0 0
1 312 4 0 3 3 13 312 0 11 0 0 0 0 0 0 0 0 0 0 0 0 0 0 0 0 0 0 8 6 176 0 0 0 9 36 0 0 0 3 371 146 0 24 0 10 7 0 0 0 0 0 0 0 55 72 0 0 10 3 8 21 0 7 1 9 0 175 0 0 0 146 0 0 0 0 1 0 0 0 0 0 3 13 93 6 0 0 2 0 6 1 0 36 0 18 0 5 0 1
9 0 6 0 0 55 0 0 0 363 0 0 0 0 0 0 7 0 0 0 0 0 0 3 0 1 0 0 0 19 0 0 0 0 0 58 3 0 9 6 0 1 0 0 97 0 0 0 0 6 0 0 0 0 9 632 0 0 0 0 0 0 0 0 6 0 0 0 0 0 0 1 0 0 78 0 0 0 0 0 0 67 0 0 0 0 0 0 101 11 0 0 0 0 0 0 0 0 0 0
0 0 0 0 0 0 0 0 0 0 0 0 0 0 0 0 0 0 0 0 0 0 0 0 0 0 0 0 0 0 0 0 0 0 0 0 0 0 0 0 0 0 0 0 0 0 0 0 0 0 0 0 0 0 0 0 0 0 0 0 0 0 0 0 0 0 0 0 0 0 0 0 0 0 0 0 0 0 0 3 0 0 0 0 0 0 0 0 0 0 0 0 0 0 0 0 0 0 0 0
15 0 83 0 0 59 9 0 3 93 0 0 0 0 0 0 12 3 0 39 0 0 0 3 0 0 0 0 0 23 0 0 9 0 0 52 3 54 0 7 0 38 0 0 203 0 0 0 0 9 0 0 0 0 13 525 0 0 0 0 0 7 0 0 12 6 0 0 3 8 0 39 0 0 84 0 0 0 0 0 0 65 0 3 0 0 9 0 240 0 0 0 0 0 0 28 0 0 0 0
9 0 67 0 0 55 3 0 0 106 0 0 0 0 0 0 17 3 0 37 0 0 0 3 0 0 0 0 0 22 0 0 0 0 0 58 3 43 9 6 0 29 0 0 188 0 0 0 0 6 0 0 0 0 13 391 0 0 0 0 0 1 0 0 6 2 0 0 3 0 0 29 0 0 81 0 0 0 0 0 0 66 0 3 0 0 9 0 101 101 0 0 0 0 0 28 0 0 0 0
1 0 11 0 0 32 11 0 0 0 0 0 0 0 0 0 0 0 2 0 0 0 0 0 0 0 0 0 0 0 0 0 228 1 0 0 0 0 0 7 0 7 0 124 0 0 0 0 0 0 0 1 1 0 1 10 0 0 0 0 0 1 0 0 1 9 0 0 0 0 1 7 0 0 0 0 3 0 0 0 0 0 0 1 0 4 0 0 0 0 0 0 0 0 0 10 0 0 0 0
6 0 0 0 0 0 0 0 0 27 0 0 0 0 0 0 0 0 0 0 0 2 0 1 4 0 5 2 0 0 0 0 0 0 2 0 0 0 0 0 0 4 0 0 0 0 0 0 0 0 0 0 4 0 0 38 0 0 0 0 0 0 0 1 0 0 0 0 0 6 0 4 0 0 0 4 0 0 3 0 3 15 0 1 0 0 0 0 3 0 0 0 0 0 0 0 0 0 0 0
1 312 0 0 0 0 0 312 0 0 0 0 0 0 0 0 0 0 0 0 0 0 0 0 0 0 0 0 6 0 0 0 10 0 0 0 0 0 0 0 372 120 0 27 0 0 0 0 0 0 0 0 0 0 0 0 0 0 0 0 6 0 0 0 1 0 0 0 0 0 0 120 0 0 0 0 1 0 0 0 0 0 0 0 0 6 0 0 0 0 0 0 0 0 0 0 0 0 0 0
45 3 0 0 0 0 0 0 3 47 458 90 0 545 0 0 0 0 0 6 0 6 0 0 13 0 14 12 39 21 0 0 197 0 34 34 0 0 0 15 14 134 0 29 24 0 0 0 580 6 0 0 25 0 0 96 0 0 0 0 28 37 0 0 30 9 0 0 0 103 0 133 0 0 24 13 169 0 6 0 6 565 0 36 0 29 0 10 10 0 0 19 0 0 0 0 6 0 0 1
5 0 0 0 0 0 0 0 0 0 0 0 0 0 0 0 0 0 10 0 0 0 0 0 0 0 0 0 6 0 0 0 0 0 0 0 0 0 0 0 0 8 0 30 0 0 0 0 0 0 0 0 0 0 0 0 0 0 0 0 6 2 0 0 5 0 0 0 0 0 0 8 0 0 0 0 0 0 0 0 0 0 0 0 0 6 0 0 0 0 0 0 0 0 0 0 0 0 0 0
3 0 10 0 56 1 9 0 0 0 6 0 0 6 0 0 0 0 0 43 0 3 0 0 3 2 19 15 0 0 0 6 0 0 0 0 0 49 0 7 0 181 0 0 0 0 0 0 0 0 0 0 2 9 93 0 0 0 0 3 0 21 0 0 6 11 3 0 0 0 56 181 0 0 0 18 0 0 3 3 3 12 0 0 0 0 1 15 0 2 0 0 0 0 0 0 0 0 0 0
65 8 167 2 29 1 56 3 5 104 8 0 42 2 9 3 0 0 57 4 0 25 0 6 22 0 22 2 80 27 0 0 159 1 0 0 2 0 2 14 0 109 26 16 2 30 26 0 0 11 18 0 8 53 12 333 0 0 30 36 25 41 0 21 26 15 0 0 3 20 0 105 45 0 3 0 109 0 1 1 22 6 0 9 22 57 0 0 22 0 0 24 75 0 12 42 4 0 0 3
0 0 39 0 0 0 3 0 0 0 0 0 0 0 0 0 0 0 0 0 0 0 0 15 0 0 0 0 0 0 0 0 0 0 0 0 12 0 0 0 0 25 0 0 0 0 0 0 0 0 0 0 0 0 100 580 0 0 0 0 0 0 0 0 0 0 0 0 0 0 0 25 0 0 0 0 0 0 0 1 0 0 0 0 0 0 0 0 0 0 0 0 0 0 0 3 0 0 0 0
39 313 85 0 7 2 28 313 0 2 0 0 0 1 0 0 0 0 0 0 0 0 0 0 0 0 0 0 10 3 177 0 0 0 0 36 0 0 0 3 348 159 0 24 0 5 1 0 0 0 0 0 0 0 63 102 0 0 5 2 8 27 0 8 24 12 0 177 0 0 1 159 0 0 0 0 6 0 0 1 0 1 5 3 130 6 0 0 30 0 6 3 0 48 0 16 0 58 0 5
0 0 16 0 0 0 12 0 0 0 0 0 0 0 0 6 0 0 0 0 0 0 0 0 3 0 0 3 0 0 0 0 0 0 0 0 0 0 15 6 0 81 30 0 0 0 0 0 0 0 0 0 0 0 2 36 0 0 0 0 0 0 0 0 0 0 0 0 0 0 0 81 0 0 0 3 0 0 0 0 0 0 0 0 0 0 0 3 0 0 0 0 0 0 3 6 0 0 0 0
3 0 6 0 0 0 6 0 0 0 0 0 1 0 0 0 0 0 0 0 0 0 0 0 0 19 0 0 0 0 0 0 0 0 0 0 0 0 0 0 0 5 0 0 0 0 0 0 0 0 0 0 0 0 0 0 0 0 0 0 0 0 0 0 0 0 0 0 0 0 0 5 0 0 0 0 2 0 0 0 0 0 0 3 0 0 0 0 3 16 0 0 0 0 0 0 0 0 0 0
86 3 183 1 32 3 748 0 0 126 52 0 54 86 309 17 99 1 10 127 0 29 0 3 56 33 49 77 0 5 0 43 60 64 20 125 9 12 11 0 0 391 41 31 174 15 16 0 1 45 98 0 22 0 19 951 0 0 15 107 59 114 2 16 241 76 1 0 16 238 35 381 121 0 13 74 79 0 50 3 50 64 0 30 40 3 13 80 183 94 120 0 61 1 11 53 65 21 0 15
13 900 0 0 11 0 0 900 0 12 0 0 0 0 0 3 0 2 0 4 0 0 0 0 0 0 0 6 18 0 0 0 28 0 13 0 0 0 0 5 0 408 3 82 0 0 0 1 0 3 0 0 2 34 2 1 0 0 0 4 18 40 0 0 13 29 34 0 0 0 7 409 0 0 0 6 8 0 0 0 0 0 8 40 0 20 0 6 3 32 1 3 0 71 0 0 0 5 0 9
258 382 526 0 18 90 24 369 18 566 182 7 0 267 83 34 18 4 2 217 3 138 0 65 253 117 253 237 121 96 0 149 406 7 221 229 89 14 72 285 0 0 105 186 329 32 32 3 2 166 106 1 120 87 62 2733 0 0 29 252 71 60 12 74 264 68 1 1 58 7 5 5 0 0 151 238 10 1 143 1 173 451 0 207 6 104 3 245 504 159 166 65 13 79 51 179 91 18 1 28
0 0 0 0 0 0 0 0 0 0 0 0 1 0 0 0 0 7 0 0 0 0 4 1 9 31 0 9 0 0 0 0 0 0 0 0 0 0 138 1 0 40 0 0 0 3 0 0 0 0 0 0 6 0 1 0 0 0 4 0 1 0 0 0 0 5 12 0 0 0 0 40 0 0 0 9 0 0 0 3 0 0 0 0 1 0 0 9 0 9 0 0 0 0 0 0 0 0 0 0
4 0 32 0 0 0 13 0 0 0 0 0 0 0 0 0 0 0 0 0 0 0 0 0 0 0 0 0 0 0 0 0 0 0 0 0 0 0 0 2 0 21 0 0 0 0 0 0 0 3 0 0 0 0 0 0 0 0 0 6 0 6 0 4 4 26 0 0 0 0 0 22 0 0 0 0 17 0 0 0 0 0 0 2 0 0 0 0 0 0 0 0 0 0 0 3 0 0 0 4
11 0 291 0 1 0 0 0 0 0 22 0 0 53 0 0 0 0 0 22 1 0 0 0 0 0 0 0 0 32 0 21 0 0 0 0 0 0 1 4 0 9 0 0 0 13 19 2 0 0 0 0 0 0 0 475 0 0 11 2 0 4 0 28 4 3 0 0 0 11 3 9 0 0 0 0 46 0 0 0 0 141 0 0 0 0 0 0 1 0 8 0 13 0 0 141 4 0 0 1
0 0 6 0 1 0 3 0 0 0 0 0 0 0 0 0 0 0 0 0 0 0 0 0 0 0 0 0 0 0 0 0 0 1 1 0 0 0 0 3 0 2 0 0 0 0 0 0 0 0 0 0 1 0 0 0 0 0 404 0 0 0 0 0 0 22 0 0 0 0 0 2 3 0 0 0 0 0 0 0 0 0 0 2 0 0 0 0 3 0 0 2 3 0 0 1 0 0 0 0
0 0 6 0 0 0 0 0 0 0 0 0 0 0 0 0 0 0 0 0 0 0 0 0 0 0 0 0 0 0 0 0 0 0 2 0 0 0 0 0 0 0 0 0 0 0 0 0 0 0 0 0 2 0 0 0 0 0 0 0 0 2 0 0 0 6 0 0 0 0 0 0 6 0 0 0 0 0 0 0 0 0 0 2 0 0 0 0 0 0 0 2 15 0 0 0 0 0 0 0
192 0 0 0 0 0 0 0 0 100 0 0 0 0 0 0 0 0 0 0 0 24 0 0 48 0 48 48 0 0 0 0 0 0 0 0 0 0 0 0 0 119 0 0 64 0 0 0 0 0 0 0 0 0 0 386 0 0 0 0 0 0 0 0 192 4 0 0 0 0 0 120 193 193 64 48 0 0 24 0 24 6 0 0 0 0 0 48 148 0 0 0 0 0 0 0 0 0 0 0
69 3 0 0 1 0 0 0 6 15 0 0 0 169 0 0 0 0 0 6 0 0 0 0 0 0 0 0 86 0 0 0 393 0 60 0 0 0 0 25 8 207 0 67 16 0 0 0 0 15 0 0 48 0 0 0 0 0 0 0 51 72 0 0 57 18 0 0 0 0 0 206 0 0 16 0 339 0 0 1 0 169 6 49 0 67 0 0 15 0 3 38 0 0 0 0 6 0 0 1
108 2 78 1 25 0 524 0 0 88 12 0 96 51 272 8 107 1 17 114 0 66 1 3 27 33 89 52 40 17 0 3 58 59 29 32 6 12 4 8 0 339 36 13 78 7 4 0 0 0 58 0 19 0 6 944 0 0 7 100 13 77 0 11 269 81 1 0 14 292 12 329 83 0 12 47 88 0 24 1 21 19 0 31 30 0 12 57 253 78 6 0 93 1 31 24 10 2 0 13
87 0 5 0 0 0 6 0 0 90 8 0 135 4 0 0 0 0 21 19 0 21 0 0 24 24 24 1 0 0 0 0 0 0 6 0 0 0 3 1 0 67 2 6 0 0 0 0 0 0 0 0 12 0 0 635 0 0 0 16 0 0 0 0 15 15 0 0 0 51 0 68 60 0 0 3 15 0 21 0 24 4 0 6 0 0 0 5 21 0 0 0 75 0 0 6 19 0 0 0
12 0 39 0 0 6 487 0 0 100 0 0 0 0 0 0 0 0 0 0 3 24 0 0 48 0 48 48 0 0 0 0 0 0 9 0 11 0 0 0 0 157 0 0 64 0 0 3 0 0 0 0 0 0 0 462 0 0 0 0 16 5 0 0 24 0 0 0 0 0 0 157 0 0 64 48 0 0 24 0 24 5 0 0 0 0 0 48 150 0 0 0 0 0 0 2 0 27 0 0
19 0 86 2 0 0 8 0 0 48 1 0 1 0 0 3 0 0 26 0 0 0 0 0 1 148 0 4 83 28 0 3 187 0 4 0 1 0 0 12 14 58 6 7 0 9 10 0 0 1 9 13 0 0 9 58 0 0 9 0 13 68 10 7 10 6 0 0 3 0 8 60 21 0 0 3 40 0 18 0 1 5 0 16 1 73 0 4 0 15 3 10 21 1 0 21 0 0 3 21
0 0 9 0 0 0 21 0 0 0 0 0 0 0 0 0 0 0 0 3 0 0 0 0 0 0 0 0 0 0 0 0 0 0 0 0 0 0 0 6 0 16 0 0 0 0 0 0 0 9 0 0 0 0 20 12 0 0 0 0 0 1 0 0 3 0 0 0 0 0 0 16 0 0 0 0 0 0 0 0 0 0 0 0 0 0 2 0 3 0 0 0 0 0 0 0 0 0 0 0
23 0 27 0 446 0 54 0 0 3 1 0 1 0 0 4 0 2 0 7 0 0 0 4 0 11 0 0 0 0 0 0 0 21 13 0 3 6 0 11 289 204 0 1 0 0 0 0 0 5 0 0 2 49 0 21 0 0 0 0 0 66 0 0 30 20 2 0 3 0 9 204 0 0 0 0 4 0 0 0 0 9 8 14 0 0 5 0 9 0 1 9 1 71 0 0 0 3 0 9
559 0 5 0 8 6 64 0 0 699 98 0 732 27 18 5 3 6 126 88 0 138 0 68 223 81 153 76 0 34 0 0 0 21 90 99 63 45 81 28 0 946 0 0 36 0 0 0 2 33 0 1 41 21 154 0 2 0 0 132 15 22 0 214 241 120 1 0 0 333 0 949 241 1 0 76 100 0 138 0 240 34 0 89 0 0 0 87 146 137 32 18 506 0 14 0 64 29 2 0
4 0 0 0 7 66 0 0 0 6 0 0 0 66 0 1 0 0 0 3 0 0 0 0 12 0 12 12 1 0 0 52 0 14 0 0 0 0 0 3 0 56 0 24 6 0 0 0 104 0 0 0 1 0 2 0 0 1 0 0 1 55 0 1 4 5 0 0 0 0 3 56 1 0 6 12 111 0 0 0 0 66 7 0 0 3 0 12 10 0 0 0 3 0 0 0 0 17 52 0
4 0 0 0 7 66 5 0 0 3 0 0 0 42 0 1 0 0 0 3 0 0 0 0 12 0 12 12 1 1 0 0 0 14 0 0 0 0 0 3 1 65 0 25 3 0 0 0 0 0 0 0 1 0 2 46 295 0 0 0 1 53 3 1 4 5 0 0 0 0 3 65 1 0 3 12 37 0 0 0 0 46 7 0 0 3 0 12 7 0 3 0 3 1 0 0 0 17 0 0
0 0 7 0 1 0 4 0 0 0 0 0 0 0 0 0 0 0 0 0 0 0 0 0 0 0 0 0 0 0 0 0 0 1 1 0 0 0 0 3 0 2 0 0 0 0 0 0 0 0 0 0 1 0 0 0 0 0 0 0 0 0 0 0 1 21 0 0 0 0 0 3 3 0 0 0 0 0 0 0 0 0 0 2 0 0 0 0 3 0 0 2 1 0 0 1 0 0 0 0
6 3 0 0 23 0 0 0 0 7 140 0 0 172 19 0 0 0 0 84 0 3 0 0 3 0 3 3 0 0 0 24 0 0 22 0 0 0 0 38 0 149 0 0 7 0 0 0 0 47 30 0 0 0 0 333 0 0 0 0 0 1 0 0 13 0 0 0 30 0 0 149 0 0 4 3 24 0 3 0 3 216 0 14 0 0 0 3 61 0 23 0 0 0 18 0 59 0 0 0
0 0 41 0 0 32 16 0 0 0 0 0 0 0 0 0 0 0 2 0 0 0 0 0 0 0 0 0 0 0 1 0 113 1 5 0 1 0 1 12 1 16 0 59 0 1 0 0 0 0 0 0 6 0 1 31 0 0 1 0 0 8 0 0 9 6 0 0 0 0 1 16 0 0 0 0 18 0 0 0 0 0 0 1 0 7 0 0 0 0 0 0 0 0 0 6 0 0 0 0
53 9 63 4 54 58 0 9 14 0 0 0 0 3 6 0 0 0 4 12 1 0 0 0 6 0 6 28 84 0 0 0 220 17 58 0 24 0 0 41 0 365 2 8 0 0 6 1 0 28 0 0 65 0 25 66 0 0 0 104 33 0 49 18 27 55 0 0 0 0 0 356 0 0 0 21 2 0 0 0 0 14 3 46 19 61 12 21 0 81 0 2 9 22 0 2 26 3 0 95
0 0 1 0 0 0 0 0 1 28 2 0 0 0 12 0 0 0 0 4 0 6 0 0 12 0 12 12 0 1 0 0 0 0 9 0 0 0 0 7 0 75 0 0 16 0 0 0 0 10 5 0 0 0 3 253 0 0 0 4 0 3 0 0 0 0 0 0 3 0 0 74 2 0 16 12 234 0 6 2 6 101 0 4 0 0 0 12 40 0 0 3 0 0 3 0 1 0 0 38
8 0 0 0 0 0 28 0 0 0 0 0 27 0 12 0 0 0 0 0 0 0 0 2 0 0 6 2 0 0 0 0 0 0 4 0 0 0 0 17 0 30 0 0 0 0 0 0 0 3 27 0 0 0 6 76 0 0 0 0 0 0 0 0 0 0 0 0 0 0 0 30 0 0 0 0 24 0 0 0 0 7 0 1 0 0 0 2 6 0 0 0 9 0 0 0 0 0 0 0
108 5 252 2 33 4 256 0 9 522 4 26 1 61 111 7 0 2 194 0 3 120 1 18 195 0 154 133 13 0 0 0 103 13 63 35 12 13 2 77 0 637 64 41 211 13 14 3 0 25 1 4 22 61 17 1760 0 0 13 28 3 128 0 43 0 8 4 0 34 669 14 649 588 194 145 133 143 0 117 4 148 245 2 80 102 41 7 143 575 0 93 15 13 0 4 46 15 102 0 47
133 0 6 0 19 33 52 0 0 105 6 0 0 5 0 0 134 0 15 22 1 24 0 0 38 35 30 28 0 0 0 6 0 0 0 0 0 0 3 6 0 154 0 0 0 3 9 1 0 0 60 0 9 0 1 286 0 0 3 0 0 16 1 2 18 0 0 0 0 127 0 156 15 0 0 26 15 0 18 0 33 5 0 0 0 1 0 28 24 102 0 0 0 0 11 0 0 9 0 2
4 0 9 0 21 54 3 0 0 0 0 0 0 0 0 3 0 30 0 0 0 0 137 0 13 152 10 25 0 0 0 0 0 41 0 0 0 0 21 21 0 194 4 0 0 5 4 0 0 14 19 0 62 9 24 28 0 0 5 0 0 40 0 0 6 13 0 0 0 0 43 194 28 0 0 25 32 0 0 0 0 3 0 9 0 0 157 26 0 85 3 1 0 0 0 0 0 0 0 19
0 313 0 0 0 1 0 313 0 0 0 0 0 0 0 0 0 0 0 0 0 0 0 0 0 0 0 0 6 0 0 0 0 0 0 0 0 0 0 0 323 118 0 25 0 0 0 0 0 0 0 0 0 0 1 0 0 0 0 0 6 0 0 0 0 3 0 0 0 0 0 118 0 0 0 0 3 0 0 0 0 0 0 0 0 6 0 0 0 0 6 0 0 0 0 0 0 0 0 0
54 0 32 1 0 0 8 0 0 90 8 0 84 2 0 2 4 5 18 4 0 21 0 0 24 29 0 0 0 0 0 0 0 8 3 0 0 0 27 6 0 56 15 0 0 0 0 0 0 6 0 0 14 0 2 380 0 0 0 10 0 0 0 0 30 13 2 0 0 42 0 56 24 0 0 0 12 0 21 1 24 2 0 6 0 0 0 0 0 0 0 0 60 0 7 4 4 0 0 0
18 0 1 0 0 0 6 0 0 589 0 0 0 0 0 0 0 0 0 0 0 136 0 0 199 0 153 81 0 21 0 0 0 0 4 68 0 0 0 3 0 385 0 0 134 0 0 0 0 0 0 0 4 0 0 1273 0 0 0 0 0 0 0 0 6 0 0 0 0 0 0 385 0 0 85 95 0 0 127 0 177 34 0 6 0 0 0 97 388 0 0 0 2 0 0 0 0 0 0 0
12 0 1 0 146 7 0 0 0 2 0 0 3 0 0 0 0 1 0 0 1 0 3 5 0 0 0 1 1 0 0 1 0 35 10 0 2 0 0 7 7 100 11 5 0 0 0 3 1 15 0 0 0 11 142 0 0 0 0 6 1 59 1 2 6 4 4 0 0 0 0 101 0 0 0 0 0 0 0 0 0 9 0 3 53 0 6 1 1 0 0 1 1 6 0 0 0 30 0 11
255 382 524 0 18 90 24 369 17 566 182 7 0 267 83 38 18 4 2 217 3 138 0 65 253 119 253 238 121 96 0 149 405 7 222 228 89 14 72 285 0 3 105 189 329 27 23 3 2 167 107 1 124 88 64 2736 0 0 25 252 71 58 12 75 263 65 1 1 58 7 5 0 0 0 152 238 11 1 143 2 173 451 0 205 8 104 3 245 504 159 164 65 13 79 51 179 90 18 1 28
6 0 13 0 0 0 6 0 0 368 0 0 0 0 61 0 0 0 18 3 0 75 0 0 138 0 108 84 0 7 0 0 0 0 50 0 0 0 0 61 0 537 3 0 118 0 0 0 0 47 209 0 4 0 0 1683 0 0 0 0 0 0 2 19 15 22 0 0 47 0 0 538 0 0 130 84 30 0 78 0 102 208 0 30 0 0 0 84 305 0 3 7 49 0 26 0 0 0 0 0
0 0 0 0 0 0 0 0 0 125 0 0 0 0 0 0 0 0 0 0 0 30 0 0 60 0 60 60 0 0 0 0 0 0 0 0 0 0 0 0 0 155 0 0 80 0 0 0 0 0 0 0 0 0 0 493 0 0 0 0 0 0 0 0 0 0 0 0 0 0 0 155 0 0 80 60 0 0 30 0 30 6 0 0 0 0 0 60 187 0 0 0 0 0 0 0 0 0 0 0
0 0 1 1 0 0 0 0 0 0 18 0 0 49 0 0 0 0 0 18 0 0 0 2 0 0 0 0 0 33 0 18 0 0 0 0 0 0 0 10 0 9 0 0 0 4 4 0 0 0 0 0 0 0 6 432 0 0 4 1 0 0 0 52 0 0 0 0 0 0 1 9 0 0 0 0 36 0 0 0 0 131 0 0 0 0 0 0 0 0 4 0 5 0 0 0 4 0 0 1
12 0 79 0 0 55 7 0 3 95 0 0 0 0 0 0 17 3 0 39 0 0 0 3 0 0 0 0 0 23 0 0 9 0 0 49 3 54 9 7 0 37 0 0 200 0 0 0 0 6 0 0 0 0 13 393 0 0 0 0 0 7 0 0 10 8 0 0 3 3 0 36 0 0 86 0 0 0 0 0 0 64 0 3 0 0 9 0 102 101 0 0 0 1 3 28 0 0 0 0
83 53 51 0 8 0 2 53 3 252 443 0 24 970 48 0 0 9 21 416 13 58 0 0 88 0 83 48 54 0 1 425 179 7 56 1 3 0 2 215 4 859 12 114 64 0 1 17 17 59 172 0 14 4 6 1248 0 1 0 177 17 3 5 3 298 16 0 1 38 21 4 862 520 0 64 51 0 0 51 0 67 1376 0 55 6 19 22 48 236 0 260 12 54 0 31 2 147 6 11 95
19 0 3 0 1 3 2 0 1 37 2 3 1 0 6 2 8 2 0 8 0 4 0 7 6 3 8 6 0 5 0 0 0 4 20 20 7 1 0 11 0 50 0 0 19 9 108 0 0 8 0 0 6 1 1 177 0 1 0 0 4 5 3 22 18 9 2 0 5 2 5 44 3 0 11 6 0 0 4 0 4 14 0 31 0 3 0 7 28 0 0 6 8 2 4 0 3 0 1 0
9 0 3 0 0 0 0 0 0 255 0 0 0 0 0 0 0 0 0 0 0 0 0 6 0 0 0 0 0 10 0 0 0 0 0 70 3 0 0 0 0 6 0 0 0 0 0 0 0 0 0 0 0 0 9 387 0 0 0 0 0 0 0 0 6 0 0 0 0 0 0 6 0 0 0 0 0 0 0 0 0 36 0 0 0 0 0 0 107 0 0 0 0 0 0 0 0 0 0 0
0 0 2 0 0 1 0 0 0 0 0 0 0 0 0 0 0 0 0 0 0 0 0 0 0 0 0 0 0 0 0 0 0 0 0 0 0 0 0 0 0 0 0 0 0 0 0 0 0 0 0 0 0 0 0 1 0 0 0 0 0 0 0 0 0 0 0 0 0 0 0 1 0 0 0 0 0 0 0 0 0 0 0 0 0 0 0 0 0 0 1 0 0 0 0 0 0 1 0 0
9 0 3 0 0 0 0 0 0 363 0 0 0 0 0 0 0 0 0 0 0 0 0 3 0 0 0 0 0 10 0 0 0 0 0 61 3 0 0 0 0 1 0 0 0 0 0 0 0 0 0 0 0 0 9 480 0 0 0 0 0 0 0 0 6 0 0 0 0 0 0 1 0 0 0 0 0 0 0 0 0 36 0 0 0 0 0 0 101 0 0 0 0 0 0 0 0 0 0 0
0 0 118 0 0 0 100 0 0 4 3 0 0 1228 1 3 0 0 0 0 8 0 0 0 0 0 21 21 0 102 0 0 0 0 0 1 0 0 0 0 0 53 0 0 107 1 0 10 0 1 0 0 0 0 0 549 0 0 1 21 0 30 0 0 5 1 0 0 0 0 1 53 1 0 0 21 5 0 0 0 0 0 0 0 0 0 0 21 0 0 12 0 2 0 0 16 0 0 0 0
10 1 41 0 6 13 2 0 4 4 1 0 0 6 0 1 0 3 0 2 2 0 12 7 0 0 0 3 3 0 0 0 0 5 11 0 8 0 0 8 4 7 0 2 2 0 3 2 0 4 1 0 5 14 5 5 0 0 0 33 1 20 4 5 9 6 4 0 0 0 1 7 1 0 2 0 7 0 0 0 0 10 0 9 44 1 0 2 3 3 1 1 7 2 1 8 4 1 0 10
73 5 155 5 18 1 49 0 5 157 8 0 42 2 3 0 0 0 83 4 0 0 0 1 51 0 6 0 50 40 0 0 135 1 7 4 2 0 2 29 0 136 18 14 5 35 36 0 0 8 25 0 11 52 20 378 0 0 35 29 22 61 0 20 50 25 0 0 6 29 9 131 73 0 3 3 158 0 0 1 54 2 0 0 20 63 0 0 10 0 0 27 97 0 3 53 4 0 0 9
44 1 0 0 50 46 0 0 0 11 0 0 0 5 0 0 0 12 0 0 0 0 21 1 0 2 1 0 10 0 0 0 0 46 6 0 0 0 26 15 0 175 26 33 2 0 0 0 0 6 1 0 5 30 19 0 0 0 0 0 4 99 0 0 28 41 11 0 0 1 24 175 3 0 0 0 42 0 0 0 0 5 20 25 0 10 18 0 10 2 0 16 1 43 0 0 0 60 0 13
4 0 53 0 0 41 50 0 0 0 0 0 0 0 0 0 0 0 8 0 0 0 0 0 0 0 0 0 4 0 0 0 199 3 1 0 0 0 0 15 0 28 0 76 0 0 0 0 0 0 0 0 9 0 0 45 0 0 0 0 10 5 0 0 4 9 0 0 0 0 1 28 0 0 0 0 14 0 0 0 0 0 0 3 4 0 0 0 0 0 0 0 0 0 0 24 0 0 0 0
12 0 0 0 0 3 0 0 0 0 0 0 0 0 0 0 0 4 0 26 0 0 0 0 12 33 27 33 0 0 0 0 0 53 9 0 0 47 0 15 0 334 0 0 0 0 0 0 0 12 0 0 6 26 29 0 0 0 0 0 0 24 0 0 23 4 0 0 0 0 1 334 0 0 0 33 0 0 3 2 3 6 0 15 0 0 0 36 0 45 0 3 0 0 0 0 0 0 0 0
12 0 79 0 0 55 7 0 0 104 0 0 0 0 0 0 21 3 0 39 0 0 0 3 0 0 0 0 0 22 0 0 0 0 0 59 3 52 9 7 0 39 0 0 200 0 0 0 0 8 0 0 0 0 13 412 0 0 0 0 3 7 0 0 7 8 0 0 3 3 0 38 0 0 87 0 0 0 0 1 0 64 0 3 0 0 9 0 101 101 0 0 0 0 3 28 0 0 0 0
29 0 61 0 4 0 15 0 0 48 40 0 36 71 0 0 0 0 0 35 1 0 0 0 15 0 0 0 0 92 0 30 0 0 0 0 0 0 1 4 0 49 0 0 3 5 0 2 0 0 0 0 0 0 0 1420 0 0 3 69 0 21 0 3 15 0 0 0 0 12 1 49 18 0 0 0 69 0 15 1 15 299 0 0 0 0 0 0 0 0 12 0 29 0 0 5 8 9 0 1
0 0 0 0 0 0 0 0 0 0 0 0 0 0 0 0 0 0 0 0 0 0 0 0 0 0 0 0 0 0 0 0 0 0 0 0 0 0 0 0 0 0 0 0 0 0 0 0 0 0 0 0 0 0 0 0 0 0 0 0 0 0 0 0 0 0 0 0 0 0 0 0 0 0 0 0 0 0 0 0 0 0 0 0 0 0 0 0 0 0 0 0 0 0 0 0 0 0 0 0
0 0 0 0 0 0 0 0 0 0 0 0 0 45 0 0 0 0 0 0 0 0 0 0 0 0 0 0 0 0 0 0 0 0 0 0 0 0 0 0 0 3 0 0 0 0 0 0 0 0 0 0 0 0 0 11 0 0 0 0 0 0 0 0 0 0 0 0 0 0 0 3 0 0 0 0 1 0 0 2 0 45 0 0 0 0 0 0 0 0 0 0 0 0 0 0 0 0 0 0
0 0 7 0 0 0 206 0 0 89 0 0 0 0 6 0 0 0 0 0 0 6 0 0 15 0 12 15 0 0 0 0 69 10 0 0 1 0 7 0 1 42 41 0 16 1 0 0 0 0 0 98 0 0 32 148 0 0 1 0 4 1 0 0 0 1 0 0 0 0 0 42 0 0 16 12 0 0 9 2 9 1 0 1 0 33 0 15 37 0 3 0 0 0 1 12 0 0 0 0
486 0 24 12 7 3 941 0 0 620 0 96 15 0 102 62 87 0 150 57 0 125 0 31 167 0 130 33 3 12 0 0 0 0 44 35 40 6 6 116 0 718 0 0 19 0 1 0 0 101 79 20 0 3 25 2155 0 0 0 0 14 19 3 102 176 212 0 0 4 400 1 720 49 0 41 36 166 0 113 0 173 8 0 35 0 26 0 37 160 69 0 20 0 0 10 11 1 12 0 0
0 0 0 0 0 0 0 0 0 0 0 0 0 0 0 0 0 0 0 0 0 0 0 0 0 0 0 0 0 0 0 0 0 0 0 0 0 0 0 0 0 0 0 0 0 0 0 0 0 0 0 0 0 0 0 0 0 0 0 0 0 0 0 0 0 37 0 0 0 0 0 0 0 0 0 0 0 0 0 3 0 0 0 0 0 0 0 0 0 0 0 0 0 0 0 0 0 0 0 0
33 0 31 0 0 0 0 0 0 24 8 0 45 2 0 0 4 2 6 4 0 21 0 0 1 36 21 0 0 0 0 0 0 16 6 0 0 0 27 0 0 38 20 0 0 0 0 0 0 0 0 0 3 0 1 256 0 0 0 10 0 0 0 0 6 8 1 0 0 21 0 38 12 0 0 0 6 0 3 0 0 2 0 0 0 0 0 3 21 0 0 0 33 0 0 4 4 0 0 0
6 0 0 0 0 0 0 0 0 0 0 0 0 0 0 0 0 0 0 0 0 0 0 0 0 0 0 1 0 0 0 0 3 0 0 0 4 0 0 7 0 16 0 0 0 0 0 0 0 0 0 0 0 0 0 0 0 0 0 3 0 0 0 0 0 3 0 0 0 0 0 14 0 0 0 0 0 0 0 3 0 0 0 0 0 0 0 0 0 0 0 0 0 0 0 0 0 0 0 0
11 1 72 0 6 0 73 0 3 1 302 0 0 151 9 0 0 0 0 0 0 0 0 4 0 0 24 24 0 0 0 141 19 0 7 0 1 0 0 37 0 92 0 0 118 0 0 0 1 21 16 0 0 0 0 132 0 0 0 199 7 25 0 1 10 0 0 0 15 0 0 92 15 0 1 24 6 0 0 0 0 152 1 9 0 0 0 24 9 0 19 0 0 0 9 45 0 0 2 0
11 0 0 0 13 0 0 0 1 1 0 0 0 1 0 0 0 6 0 0 0 0 0 6 0 0 0 2 0 0 0 0 0 0 26 0 0 0 0 6 0 37 0 3 1 0 5 0 0 2 0 0 10 22 0 0 0 0 0 0 9 79 0 0 17 8 6 0 0 0 0 35 0 0 0 0 5 0 0 5 0 1 2 22 0 0 0 2 1 0 3 5 2 19 0 1 0 0 0 8
41 0 0 0 1 0 0 0 3 7 0 59 0 79 0 0 0 0 0 0 0 3 0 0 3 0 9 3 47 0 0 0 196 0 30 34 0 0 0 10 12 123 0 38 28 0 0 0 546 9 0 0 27 0 0 48 0 0 0 0 23 35 0 0 27 9 0 0 0 71 0 123 0 0 8 9 170 0 3 2 3 80 6 37 0 38 0 9 8 0 3 19 1 0 0 0 0 0 0 0
2 0 9 0 34 26 0 0 0 3 113 0 0 114 0 0 0 4 0 113 0 0 8 1 0 0 0 0 4 0 0 117 0 1 20 0 2 1 0 17 0 125 8 3 3 0 0 0 4 16 0 0 2 6 13 6 0 0 0 0 3 48 0 0 1 19 3 0 0 1 6 125 0 0 3 0 13 0 0 0 0 117 0 14 0 5 0 0 3 0 10 0 6 2 1 4 0 2 0 0
